 71.75   83.24   97.94   98.59   97.54   97.49   97.02   98.40   99.34   97.53   96.11   94.77   93.60   92.64   90.96   88.17   85.51   82.85   79.51   76.15   72.85   69.12   67.79   65.20   63.35   62.10   60.72   59.26   56.72   57.49   41.54   13.02    3.85    2.68    3.75    5.32    6.94    7.41    6.22    5.78  
  0.00    0.01    0.00    0.00    0.00    0.00    0.00    0.04    0.19    0.01    0.00    0.00    0.00    0.00    0.00    0.00    0.00    0.00    0.00    0.00    0.00    0.00    0.00    0.00    0.00    0.00    0.00    0.00    0.00    0.00    0.00    0.00    0.00    0.00    0.00    0.00    0.00    0.00    0.00    0.00  
 69.29   65.67   66.68   65.62   60.90   69.94   82.28   89.82   97.31   97.88   96.29   96.66   96.82   95.14   90.97   89.03   83.21   70.08   68.17   69.13   69.41   70.73   65.07   62.02   62.49   62.07   59.24   53.80   40.72   30.82   39.98   45.35   14.02    4.06    6.47    8.64    8.90    7.47    5.88    4.77  
 57.77   64.12   73.85   87.34   99.28   99.60   99.85   99.82   99.26   98.90   98.34   97.08   95.18   92.05   88.19   84.04   80.03   76.94   74.57   72.01   69.20   67.22   65.73   64.25   63.09   61.55   60.35   58.72   57.68   47.75   18.30    4.34    1.54    1.76    3.51    5.24    6.29    7.27    8.63    8.15  
  0.00    0.04    0.07    0.13    0.18    0.26    0.33    0.39    0.45    0.24    0.09    0.04    0.02    0.01    0.00    0.00    0.00    0.00    0.00    0.00    0.00    0.00    0.00    0.00    0.00    0.00    0.00    0.00    0.00    0.00    0.00    0.00    0.00    0.00    0.00    0.00    0.00    0.00    0.00    0.00  
 39.13   44.79   49.53   54.42   74.60   93.28   90.60   76.07   80.48   89.10   96.32   96.92   90.42   86.94   85.15   83.10   81.97   80.54   76.79   72.58   70.82   68.37   66.21   65.23   64.64   60.83   60.30   59.67   55.94   25.42    4.74    1.06    0.26    0.74    3.00    4.32    6.11    8.77    9.46    8.48  
 47.52   48.89   58.29   68.13   81.66   96.62   99.16   96.98   97.52   97.71   98.05   98.57   99.00   99.07   97.94   94.78   87.49   80.15   77.21   74.68   71.47   69.04   66.21   65.07   65.61   62.80   61.80   60.80   59.49   58.77   19.76    0.90    0.10    0.62    3.18    4.51    5.68    7.91    9.85    8.35  
  0.00    0.03    0.00    0.01    0.01    0.03    0.22    0.11    0.03    0.01    0.01    0.01    0.01    0.01    0.01    0.00    0.00    0.00    0.00    0.00    0.00    0.00    0.00    0.00    0.00    0.00    0.00    0.00    0.00    0.00    0.00    0.00    0.00    0.00    0.00    0.00    0.00    0.00    0.00    0.00  
 67.24   72.32   83.12   98.34   94.73   77.26   78.53   74.50   50.87   47.01   58.97   80.92   88.67   89.37   88.64   87.05   85.06   84.26   83.68   79.68   74.13   70.34   67.18   64.91   63.36   60.79   58.79   50.73   51.95   47.07   22.34    7.69    2.45    2.25    3.32    4.94    5.64    6.43    6.29    5.57  
 58.92   67.74   74.29   82.11   92.79   98.85   99.85   99.98   99.96   99.95   99.51   97.20   93.47   90.18   87.07   83.13   79.50   77.03   74.71   72.10   70.06   68.93   67.20   63.22   59.97   63.38   66.33   58.07   54.67   31.96   11.04    4.09    4.25    2.76    4.19    6.06    7.51    6.43    6.88    8.31  
  0.00    0.00    0.63    0.01    0.14    0.31    0.07    0.00    0.00    0.00    0.00    0.00    0.00    0.00    0.00    0.00    0.00    0.00    0.00    0.00    0.00    0.00    0.00    0.00    0.00    0.00    0.00    0.00    0.00    0.00    0.00    0.00    0.00    0.00    0.00    0.00    0.00    0.00    0.00    0.00  
 67.89   52.51   56.81   55.13   50.95   42.75   41.71   64.40   81.34   81.37   88.90   96.65   96.59   94.94   92.40   90.14   87.60   84.92   79.92   68.87   42.31   37.02   44.71   52.02   65.95   65.99   63.76   61.90   59.48   48.98   28.51   33.91   18.44    5.03    7.22    9.25    9.28    7.58    5.49    4.62  
 54.25   57.93   72.60   88.13   92.09   95.97   97.27   77.83   60.89   53.62   54.92   67.01   80.53   86.95   90.23   91.80   91.32   83.25   73.15   74.06   70.69   68.56   67.34   64.58   59.97   56.22   58.64   59.57   61.02   60.22   35.86   10.11    1.83    1.20    2.72    4.92    5.06    5.55    6.63    7.58  
  0.00    0.01    0.01    0.00    0.00    0.01    0.07    0.05    0.05    0.06    0.10    0.13    0.11    0.05    0.02    0.00    0.00    0.00    0.00    0.00    0.00    0.00    0.00    0.00    0.00    0.00    0.00    0.00    0.00    0.00    0.00    0.00    0.00    0.00    0.00    0.00    0.00    0.00    0.00    0.00  
 68.24   51.19   53.69   49.05   51.14   44.09   48.93   66.37   70.24   70.69   74.56   87.72   96.21   99.19   95.69   91.76   91.60   87.70   75.53   70.08   51.89   37.20   47.17   59.88   63.51   64.42   62.74   61.04   58.64   48.17   32.75   35.13   32.84    9.25    8.05    8.35    7.89    6.69    5.63    5.06  
 53.40   57.28   69.09   86.04   97.92   99.13   99.77   99.84   99.73   98.53   98.41   97.63   94.43   90.88   87.56   82.92   79.49   78.59   77.23   73.92   71.37   68.99   66.46   65.56   64.59   63.35   62.60   61.20   60.14   59.93   39.22    7.74    1.00    0.94    2.93    4.72    5.19    6.33    7.91    8.03  
  0.00    0.02    0.01    0.01    0.07    0.15    0.31    0.23    0.08    0.05    0.04    0.04    0.05    0.03    0.01    0.00    0.00    0.00    0.00    0.00    0.00    0.00    0.00    0.00    0.00    0.00    0.00    0.00    0.00    0.00    0.00    0.00    0.00    0.00    0.00    0.00    0.00    0.00    0.00    0.00  
 69.76   69.57   70.56   65.46   67.95   82.13   89.17   94.07   99.97   99.34   98.13   99.05   98.78   96.77   89.71   87.18   82.82   78.87   78.23   76.10   74.39   72.11   69.64   66.58   64.35   63.51   63.51   61.38   53.74   31.65   25.77   35.54   20.64    4.93    5.84    8.39    9.18    7.78    5.98    4.72  
 41.04   45.83   49.27   62.61   80.86   93.90   94.14   83.20   87.36   91.90   94.46   95.55   96.02   94.58   92.71   89.49   85.25   81.11   76.79   73.65   70.93   68.20   65.80   63.95   62.58   62.84   59.97   58.88   58.82   41.40    7.38    0.42    0.08    0.89    3.20    4.33    6.26    8.95    9.64    8.52  
  0.00    0.05    0.10    0.21    0.25    0.27    0.28    0.18    0.11    0.03    0.01    0.00    0.00    0.00    0.00    0.00    0.00    0.00    0.00    0.00    0.00    0.00    0.00    0.00    0.00    0.00    0.00    0.00    0.00    0.00    0.00    0.00    0.00    0.00    0.00    0.00    0.00    0.00    0.00    0.00  
 67.54   51.56   56.02   54.84   51.16   43.02   43.99   68.93   83.53   82.06   92.90   97.81   96.92   94.78   92.25   89.11   85.63   82.31   78.67   71.15   48.47   32.80   31.37   48.89   67.57   64.46   62.91   61.23   58.77   52.03   31.83   26.47   21.97    5.02    7.05    8.93    9.09    7.77    5.79    4.75  
 63.93   70.15   73.35   79.59   77.31   77.31   88.72   99.48   99.99   99.90   98.38   96.03   93.46   91.04   88.73   86.34   83.98   81.83   79.71   77.47   74.46   71.99   69.35   65.45   63.54   64.05   65.81   58.48   49.59   31.51   18.79   21.27   13.52    3.01    4.79    8.02    8.78    6.65    5.13    6.17  
  0.00    0.02    0.00    0.00    0.00    0.00    0.05    0.16    0.25    0.03    0.00    0.00    0.00    0.00    0.00    0.00    0.00    0.00    0.00    0.00    0.00    0.00    0.00    0.00    0.00    0.00    0.00    0.00    0.00    0.00    0.00    0.00    0.00    0.00    0.00    0.00    0.00    0.00    0.00    0.00  
 71.60   68.96   86.17   95.74   95.33   78.55   80.58   81.43   57.69   70.31   84.67   90.30   92.14   92.25   90.83   87.95   87.47   86.27   79.66   74.36   72.14   69.14   69.03   67.56   66.36   64.61   62.79   51.86   49.31   57.56   33.14   10.01    3.24    2.59    3.43    4.50    5.97    7.43    6.87    6.30  
 52.23   56.93   68.45   84.29   98.36   99.42   99.85   99.72   99.52   99.46   99.28   98.72   97.84   96.27   93.23   89.13   85.10   81.15   77.08   73.14   70.20   68.06   65.39   63.90   62.89   60.85   59.78   58.03   56.33   48.10   21.54    3.46    0.59    1.08    3.26    4.98    6.25    7.85    9.95    8.75  
  0.00    0.01    0.00    0.00    0.00    0.01    0.06    0.03    0.03    0.03    0.08    0.20    0.37    0.42    0.30    0.12    0.02    0.01    0.00    0.00    0.00    0.00    0.00    0.00    0.00    0.00    0.00    0.00    0.00    0.00    0.00    0.00    0.00    0.00    0.00    0.00    0.00    0.00    0.00    0.00  
 68.50   61.03   61.96   66.88   62.71   55.25   58.81   92.65   91.58   93.64   97.82   96.81   95.40   92.42   91.50   86.49   78.82   73.37   71.49   56.10   28.58   33.32   45.32   51.44   50.07   51.24   44.39   44.23   55.98   58.33   48.13   20.93    9.14    6.22    7.39    9.66   10.33    7.25    5.08    4.94  
 69.12   73.09   73.34   77.04   84.69   90.58   94.21   99.35   99.90   98.59   97.79   96.67   95.29   93.65   91.70   89.37   86.72   83.87   80.64   77.51   74.56   71.99   69.42   66.87   64.07   62.69   63.62   62.72   57.53   41.34   20.76   18.08   16.10    4.52    5.09    8.46    9.65    7.81    5.84    4.80  
  0.00    0.01    0.00    0.00    0.00    0.00    0.02    0.18    0.06    0.01    0.01    0.00    0.00    0.00    0.00    0.00    0.00    0.00    0.00    0.00    0.00    0.00    0.00    0.00    0.00    0.00    0.00    0.00    0.00    0.00    0.00    0.00    0.00    0.00    0.00    0.00    0.00    0.00    0.00    0.00  
 67.97   51.73   54.64   53.74   52.63   45.24   51.76   72.59   75.88   72.70   84.59   98.00   99.53   97.68   92.42   88.19   87.34   85.57   77.59   54.05   31.97   33.35   49.37   59.68   64.72   64.22   63.46   62.10   59.66   52.39   36.27   31.12   23.87    6.89    6.83    8.32    8.00    7.24    5.84    4.70  
 55.86   61.91   73.48   87.52   95.58   97.57   98.16   96.17   89.49   87.21   87.17   86.51   85.12   82.97   80.57   78.31   76.42   73.83   71.05   69.60   67.90   66.48   65.08   63.83   61.60   61.90   61.87   59.28   58.42   45.89   20.32    4.92    1.53    1.77    3.55    5.43    6.51    7.27    8.50    8.29  
  0.00    0.07    0.04    0.17    0.08    0.06    0.21    0.11    0.04    0.01    0.01    0.01    0.01    0.00    0.01    0.00    0.00    0.00    0.00    0.00    0.00    0.00    0.00    0.00    0.00    0.00    0.00    0.00    0.00    0.00    0.00    0.00    0.00    0.00    0.00    0.00    0.00    0.00    0.00    0.00  
 67.60   49.50   53.42   53.02   52.78   45.17   44.63   65.95   78.20   77.02   86.16   97.29   99.23   97.08   91.91   87.18   84.00   81.03   80.43   74.71   46.26   32.77   36.90   59.79   66.96   63.72   62.99   60.08   58.35   46.94   34.69   30.32   25.60    6.33    7.19    8.65    8.54    7.58    6.12    4.87  
 64.89   74.22   81.85   75.26   75.78   67.86   62.87   71.39   69.69   48.79   23.10   20.47   49.73   74.58   83.10   89.27   90.93   88.33   83.21   76.34   71.82   70.88   67.64   66.12   63.61   59.35   50.72   47.46   51.80   38.14   17.14    7.06    2.26    2.08    3.21    4.84    5.33    5.92    6.11    5.70  
  0.01    0.34    0.34    0.04    0.05    0.03    0.03    0.03    0.09    0.02    0.01    0.01    0.00    0.00    0.00    0.00    0.00    0.00    0.00    0.00    0.00    0.00    0.00    0.00    0.00    0.00    0.00    0.00    0.00    0.00    0.00    0.00    0.00    0.00    0.00    0.00    0.00    0.00    0.00    0.00  
 67.36   48.54   52.21   50.70   51.20   43.58   43.64   62.66   71.99   74.83   77.93   90.95   95.51   96.79   94.39   90.15   87.73   85.84   82.08   76.92   64.01   55.28   56.28   63.24   66.27   63.32   61.97   59.98   58.53   44.27   32.85   37.26   28.24    7.57    7.77    8.86    8.50    7.19    5.88    4.89  
 68.69   60.48   56.12   55.31   58.71   52.18   60.72   74.26   72.90   68.27   77.56   92.18   97.50   96.12   93.53   93.62   89.88   77.88   70.17   48.72   19.37   36.63   47.08   52.89   55.99   56.57   61.49   61.99   59.50   57.66   41.59   31.08   26.64    9.05    7.60    8.17    7.69    6.87    5.71    4.92  
  0.00    0.00    0.00    0.00    0.01    0.04    0.20    0.17    0.10    0.26    0.43    0.22    0.05    0.01    0.01    0.01    0.00    0.00    0.00    0.00    0.00    0.00    0.00    0.00    0.00    0.00    0.00    0.00    0.00    0.00    0.00    0.00    0.00    0.00    0.00    0.00    0.00    0.00    0.00    0.00  
 68.35   64.47   64.37   67.20   61.72   58.31   72.62   92.32   98.70   98.81   99.44   97.71   93.32   90.53   89.10   86.96   83.03   77.42   72.46   71.42   59.02   45.73   42.52   53.98   61.49   56.45   44.39   33.28   33.50   44.91   55.17   36.71    7.89    4.80    7.01    8.89    9.20    7.38    5.65    4.91  
 68.86   75.47   81.24   85.82   89.01   91.79   95.78   99.62   99.83   98.99   98.26   96.62   94.36   91.95   89.55   87.11   84.76   82.56   80.16   77.27   74.10   71.31   68.62   65.82   63.78   62.81   62.17   60.95   58.09   50.48   25.07   10.22    8.42    3.82    4.36    7.08    9.85    8.38    6.06    5.15  
  0.00    0.02    0.00    0.01    0.01    0.05    0.17    0.28    0.09    0.03    0.02    0.01    0.01    0.01    0.00    0.00    0.00    0.00    0.00    0.00    0.00    0.00    0.00    0.00    0.00    0.00    0.00    0.00    0.00    0.00    0.00    0.00    0.00    0.00    0.00    0.00    0.00    0.00    0.00    0.00  
 67.26   50.34   54.24   53.46   51.67   44.27   43.81   65.53   79.57   78.58   87.84   98.10   98.66   96.08   91.95   87.19   84.44   80.71   79.34   73.16   47.11   33.31   35.33   52.94   67.75   64.45   63.53   61.04   58.56   47.99   32.01   31.89   24.04    5.63    7.19    8.82    8.85    7.71    6.05    4.78  
 56.15   61.75   71.65   87.11   98.46   99.40   99.91   99.46   99.24   99.28   99.19   99.00   98.85   98.49   98.21   97.67   96.21   92.47   84.99   77.42   73.08   70.72   68.20   65.82   63.93   61.93   60.39   58.49   56.97   45.97   19.14    3.70    1.07    1.56    3.42    5.28    6.49    7.50    8.79    8.28  
  0.00    0.03    0.01    0.01    0.00    0.01    0.00    0.02    0.29    0.01    0.00    0.00    0.00    0.00    0.00    0.00    0.00    0.00    0.00    0.00    0.00    0.00    0.00    0.00    0.00    0.00    0.00    0.00    0.00    0.00    0.00    0.00    0.00    0.00    0.00    0.00    0.00    0.00    0.00    0.00  
 69.43   65.49   66.18   67.65   55.80   64.14   80.60   80.06   79.29   86.24   94.43   95.79   97.04   97.22   88.93   78.46   69.92   64.46   63.92   54.26   44.67   61.09   65.26   60.01   64.65   45.56   39.47   43.84   54.87   59.56   53.68   30.53   13.81    8.49    7.38    8.69    8.67    7.83    6.10    4.83  
 52.98   56.46   65.74   83.24   98.46   98.93   99.38   98.92   98.24   97.26   93.24   82.70   78.28   79.19   81.68   84.00   84.63   82.23   76.34   73.25   70.85   68.68   66.64   65.66   64.57   63.55   62.80   61.12   59.86   59.91   39.51    8.09    1.02    0.90    2.92    4.60    4.96    6.15    7.91    8.11  
  0.00    0.02    0.00    0.00    0.07    0.22    0.17    0.04    0.06    0.04    0.02    0.00    0.01    0.01    0.02    0.01    0.00    0.00    0.00    0.00    0.00    0.00    0.00    0.00    0.00    0.00    0.00    0.00    0.00    0.00    0.00    0.00    0.00    0.00    0.00    0.00    0.00    0.00    0.00    0.00  
 68.16   68.34   66.68   71.79   65.98   55.91   59.70   95.15   94.79   96.59   98.71   96.89   93.83   91.81   90.73   87.48   79.41   75.14   74.89   67.09   36.95   37.85   52.40   62.57   61.43   42.55   29.86   37.00   54.37   59.17   45.84   18.34    8.53    6.26    7.23    9.71    9.64    7.00    4.97    5.21  
 53.52   59.66   70.77   83.63   95.54   97.73   99.35   99.67   98.68   99.09   99.46   99.45   99.38   97.63   92.97   90.89   89.15   83.49   74.69   69.54   69.14   68.67   67.23   65.78   61.44   62.96   64.59   58.42   58.05   38.70   11.31    2.68    2.01    2.43    4.05    5.55    6.94    7.60    9.28    9.76  
  0.00    0.04    0.02    0.05    0.08    0.20    0.35    0.41    0.14    0.03    0.01    0.00    0.00    0.00    0.00    0.00    0.00    0.00    0.00    0.00    0.00    0.00    0.00    0.00    0.00    0.00    0.00    0.00    0.00    0.00    0.00    0.00    0.00    0.00    0.00    0.00    0.00    0.00    0.00    0.00  
 67.72   51.81   56.20   54.68   51.01   42.82   42.43   65.06   80.70   80.47   88.97   97.40   97.29   95.33   92.52   89.90   87.09   84.78   79.76   69.52   43.15   33.73   39.22   48.28   66.47   65.59   63.61   61.78   59.26   49.09   29.69   33.14   19.55    5.08    7.16    9.11    9.22    7.68    5.67    4.64  
 50.70   55.70   65.59   82.74   99.21   98.84   99.90   99.91   99.79   99.57   99.24   98.64   97.51   92.68   86.54   82.78   81.17   80.09   78.08   75.34   72.44   69.99   67.68   65.53   61.72   62.40   64.40   57.26   51.20   29.09    9.37    3.03    2.20    2.61    4.13    5.55    7.29    8.36   10.32    9.74  
  0.00    0.04    0.04    0.07    0.11    0.17    0.17    0.14    0.25    0.03    0.01    0.00    0.00    0.00    0.00    0.00    0.00    0.00    0.00    0.00    0.00    0.00    0.00    0.00    0.00    0.00    0.00    0.00    0.00    0.00    0.00    0.00    0.00    0.00    0.00    0.00    0.00    0.00    0.00    0.00  
 67.48   48.10   50.93   48.29   48.83   43.38   42.09   58.83   67.11   72.58   71.01   81.56   87.42   92.17   93.34   91.61   89.61   87.77   83.78   75.07   59.58   70.76   68.56   62.64   63.72   61.01   59.33   56.99   52.30   39.69   37.07   53.73   26.69    7.55    8.25    7.75    8.02    7.23    5.98    4.92  
 68.78   70.07   70.75   71.48   73.25   84.93   91.56   98.32   99.93   98.16   97.62   96.79   95.47   93.72   91.54   89.25   86.76   84.23   81.06   77.83   74.74   71.65   68.81   66.09   63.48   62.91   64.58   60.37   52.62   33.47   24.01   25.50   19.73    4.16    5.59    8.87    8.99    7.31    5.53    4.70  
  0.01    0.29    0.41    0.48    0.41    0.42    0.43    0.47    0.48    0.34    0.17    0.06    0.02    0.01    0.00    0.00    0.00    0.00    0.00    0.00    0.00    0.00    0.00    0.00    0.00    0.00    0.00    0.00    0.00    0.00    0.00    0.00    0.00    0.00    0.00    0.00    0.00    0.00    0.00    0.00  
 68.26   48.32   49.57   47.36   44.45   42.35   37.10   49.86   58.31   68.00   67.51   68.23   68.57   67.67   81.17   93.21   87.73   81.99   81.45   74.47   44.09   35.11   57.95   59.48   67.36   60.41   50.68   44.31   54.90   59.17   58.08   44.81   22.35   10.21    8.14    7.65    7.97    7.04    5.91    4.93  
 51.40   54.10   63.44   76.64   93.75   98.20   99.50   99.81   99.35   99.06   99.00   98.88   98.38   97.11   96.29   95.74   94.55   91.04   84.59   78.90   73.62   70.96   68.34   66.62   66.58   64.45   63.60   62.04   60.11   59.09   33.45    4.53    0.56    0.80    2.94    4.58    5.16    6.64    8.52    8.26  
  0.00    0.04    0.02    0.02    0.22    0.34    0.36    0.18    0.10    0.06    0.03    0.01    0.01    0.01    0.01    0.01    0.00    0.00    0.00    0.00    0.00    0.00    0.00    0.00    0.00    0.00    0.00    0.00    0.00    0.00    0.00    0.00    0.00    0.00    0.00    0.00    0.00    0.00    0.00    0.00  
 67.14   47.80   50.27   48.12   49.11   44.67   40.59   56.68   66.31   72.72   70.30   79.73   85.75   91.05   92.00   90.58   88.37   86.78   83.81   76.61   51.10   64.88   68.55   62.56   63.54   61.25   59.59   56.51   48.43   39.97   40.68   57.77   23.58    7.21    8.34    7.61    7.91    7.32    6.15    4.96  
 45.43   47.48   54.40   69.39   83.40   95.22   98.22   95.51   97.18   97.62   97.31   97.19   96.98   97.34   97.87   97.84   96.85   93.25   86.84   78.42   72.50   69.98   67.48   65.69   65.56   63.44   61.86   60.54   58.84   54.45   11.74    0.70    0.10    0.73    3.27    4.48    5.95    8.41    9.99    8.37  
  0.00    0.19    0.31    0.37    0.33    0.32    0.29    0.18    0.17    0.04    0.01    0.01    0.00    0.00    0.00    0.00    0.00    0.00    0.00    0.00    0.00    0.00    0.00    0.00    0.00    0.00    0.00    0.00    0.00    0.00    0.00    0.00    0.00    0.00    0.00    0.00    0.00    0.00    0.00    0.00  
 68.19   58.27   61.33   62.96   57.53   48.41   57.66   98.18   94.34   94.25   99.93   96.88   90.67   92.17   91.93   84.86   79.27   78.12   76.76   69.48   33.69   24.18   34.84   41.60   51.16   62.15   62.44   61.37   59.89   59.20   40.46   18.72   13.59    5.81    7.63    9.96   10.27    7.15    5.05    5.14  
 48.56   48.94   56.14   67.01   77.60   88.24   97.58   99.16   98.74   97.97   95.32   90.83   84.64   81.63   82.85   84.87   86.65   86.16   80.87   74.12   69.79   67.79   66.58   65.98   65.31   62.31   62.68   61.92   60.93   54.66   19.93    2.61    0.30    0.72    2.88    4.40    4.92    6.89    8.80    8.22  
  0.00    0.01    0.00    0.00    0.00    0.00    0.04    0.17    0.41    0.22    0.06    0.02    0.01    0.00    0.00    0.00    0.00    0.00    0.00    0.00    0.00    0.00    0.00    0.00    0.00    0.00    0.00    0.00    0.00    0.00    0.00    0.00    0.00    0.00    0.00    0.00    0.00    0.00    0.00    0.00  
 68.71   61.21   59.24   60.53   57.80   53.83   68.12   83.56   83.19   86.54   96.80   97.54   96.87   95.14   92.40   87.98   81.38   69.69   42.74   38.96   44.17   59.63   64.38   63.41   64.81   58.50   43.87   47.46   58.81   59.09   47.10   27.78   14.26    6.73    6.92    8.59    8.73    7.51    5.78    4.59  
 67.04   76.64   89.89   99.50   99.60   99.63   99.12   99.01   99.60   97.18   94.97   92.25   89.93   87.69   85.51   83.86   82.86   81.77   79.96   77.21   74.06   71.35   68.98   66.97   65.31   64.00   62.87   61.48   60.46   60.66   46.27   13.26    2.98    2.18    3.45    5.09    6.09    6.17    6.11    6.93  
  0.00    0.08    0.13    0.25    0.35    0.47    0.51    0.42    0.21    0.06    0.03    0.01    0.01    0.01    0.00    0.00    0.00    0.00    0.00    0.00    0.00    0.00    0.00    0.00    0.00    0.00    0.00    0.00    0.00    0.00    0.00    0.00    0.00    0.00    0.00    0.00    0.00    0.00    0.00    0.00  
 66.97   48.07   50.72   48.99   49.21   45.23   39.06   55.39   65.65   73.69   70.71   78.95   84.34   90.44   92.05   90.27   87.56   85.95   83.21   77.16   55.73   61.74   70.18   66.49   64.37   62.09   59.91   56.64   46.99   39.63   42.96   58.37   21.99    7.08    8.37    7.55    7.99    7.41    6.09    4.89  
 66.68   69.49   69.19   73.93   69.34   70.13   82.54   98.68   99.91   99.12   97.81   96.32   94.55   92.41   90.10   87.74   85.55   83.38   80.52   77.23   73.91   71.14   68.76   66.02   62.48   63.35   65.75   55.11   41.13   26.90   28.29   34.69   13.91    3.43    6.17    8.87    8.92    7.06    5.29    5.25  
  0.00    0.07    0.31    0.04    0.01    0.01    0.01    0.02    0.22    0.03    0.01    0.00    0.00    0.00    0.00    0.00    0.00    0.00    0.00    0.00    0.00    0.00    0.00    0.00    0.00    0.00    0.00    0.00    0.00    0.00    0.00    0.00    0.00    0.00    0.00    0.00    0.00    0.00    0.00    0.00  
 68.34   53.56   57.85   56.51   51.63   43.32   47.41   86.55   88.28   87.76   97.67   98.98   97.68   94.64   90.99   88.29   84.97   81.06   75.24   66.17   46.68   31.94   30.95   48.16   66.59   63.82   62.80   61.80   59.36   55.45   34.95   20.44   18.28    5.07    7.09    8.97    9.19    7.68    5.32    4.90  
 52.56   54.45   61.51   78.54   90.23   94.45   95.79   96.87   93.81   80.66   70.80   65.33   73.40   81.28   87.32   89.82   89.00   79.25   74.43   72.59   70.44   68.69   67.47   66.11   64.99   63.05   62.77   61.93   61.32   58.12   32.03    7.47    1.05    0.99    2.84    4.68    4.72    5.68    7.46    8.15  
  0.00    0.02    0.00    0.00    0.00    0.03    0.09    0.06    0.11    0.13    0.06    0.02    0.01    0.01    0.01    0.00    0.00    0.00    0.00    0.00    0.00    0.00    0.00    0.00    0.00    0.00    0.00    0.00    0.00    0.00    0.00    0.00    0.00    0.00    0.00    0.00    0.00    0.00    0.00    0.00  
 55.45   59.88   77.73   91.17   95.08   93.04   80.51   73.84   78.23   56.48   37.18   40.02   56.63   78.22   86.82   87.99   86.75   82.97   75.47   71.69   70.28   68.07   68.85   66.67   64.91   57.08   53.71   55.36   56.74   41.71   18.34    7.18    1.95    1.42    2.98    5.22    5.35    5.17    5.73    6.67  
 49.12   51.73   62.10   72.53   84.30   97.97   99.96   99.43   98.84   98.09   98.02   97.49   95.80   92.68   86.52   79.34   75.95   74.40   72.87   71.32   69.27   67.04   63.51   64.30   63.37   61.04   60.05   58.98   58.27   54.62   22.19    1.98    0.18    0.84    3.24    4.82    5.92    8.03   10.47    8.71  
  0.00    0.13    0.02    0.01    0.01    0.02    0.04    0.01    0.02    0.00    0.00    0.00    0.00    0.00    0.00    0.00    0.00    0.00    0.00    0.00    0.00    0.00    0.00    0.00    0.00    0.00    0.00    0.00    0.00    0.00    0.00    0.00    0.00    0.00    0.00    0.00    0.00    0.00    0.00    0.00  
 67.08   47.85   50.01   47.85   48.11   45.08   38.56   54.12   64.23   72.51   69.46   75.77   79.61   86.40   91.52   90.13   87.82   85.96   83.06   77.82   51.63   54.47   67.29   68.88   62.75   61.82   59.46   54.23   40.89   41.27   50.08   58.53   20.96    8.27    8.65    7.79    7.78    7.13    6.11    5.04  
 38.52   43.45   45.49   56.23   75.13   94.58   98.80   90.80   89.68   90.80   93.65   94.09   92.78   90.72   89.46   89.79   90.66   89.09   83.75   77.72   73.15   69.80   67.48   65.15   62.96   62.84   61.00   56.83   50.76   26.17    2.30    0.21    0.06    1.27    3.39    4.75    7.36   10.10    9.48    7.96  
  0.00    0.19    0.27    0.29    0.13    0.04    0.18    0.10    0.04    0.02    0.01    0.01    0.00    0.00    0.00    0.00    0.00    0.00    0.00    0.00    0.00    0.00    0.00    0.00    0.00    0.00    0.00    0.00    0.00    0.00    0.00    0.00    0.00    0.00    0.00    0.00    0.00    0.00    0.00    0.00  
 33.44   39.70   42.91   38.41   42.58   71.66   88.39   75.90   67.67   75.11   84.68   89.14   92.85   93.60   89.04   84.14   81.36   79.30   76.74   72.78   69.80   68.66   65.88   64.59   65.29   59.87   58.42   58.19   48.32   14.62    2.62    0.96    0.32    0.99    3.02    4.47    7.29    9.34    9.64    8.98  
 51.39   56.53   65.96   83.49   98.03   99.06   99.81   99.24   98.14   96.87   95.43   93.45   91.16   89.27   87.48   85.81   85.35   84.70   82.60   77.97   73.11   69.91   66.91   64.71   62.55   60.01   58.64   57.84   56.93   48.09   18.56    3.23    1.12    1.63    3.61    5.11    6.48    8.01   10.03    8.89  
  0.01    0.30    0.47    0.63    0.73    0.90    0.95    0.70    0.47    0.20    0.08    0.03    0.00    0.00    0.00    0.00    0.00    0.00    0.00    0.00    0.00    0.00    0.00    0.00    0.00    0.00    0.00    0.00    0.00    0.00    0.00    0.00    0.00    0.00    0.00    0.00    0.00    0.00    0.00    0.00  
 68.60   64.32   62.23   64.41   59.45   58.89   73.60   87.82   90.60   95.26   97.09   97.11   96.10   94.33   92.54   90.40   86.87   60.37   44.64   56.75   65.79   68.20   64.52   61.70   64.64   58.12   39.40   36.20   46.41   53.73   51.67   31.23   10.96    6.59    6.87    8.82    8.92    7.20    5.88    4.98  
 71.51   75.58   88.22   86.76   84.78   81.16   85.73   96.96   97.86   96.16   97.79   98.21   97.49   95.97   94.73   93.04   90.30   86.56   82.16   77.65   73.64   70.47   68.88   66.70   65.04   63.67   62.82   59.21   53.35   58.18   40.93   12.24    3.49    2.65    3.81    5.17    7.24    7.86    6.47    5.51  
  0.00    0.06    0.05    0.30    0.22    0.04    0.04    0.02    0.01    0.01    0.01    0.01    0.00    0.00    0.00    0.00    0.00    0.00    0.00    0.00    0.00    0.00    0.00    0.00    0.00    0.00    0.00    0.00    0.00    0.00    0.00    0.00    0.00    0.00    0.00    0.00    0.00    0.00    0.00    0.00  
 67.67   68.87   61.13   72.85   78.98   78.11   80.81   86.82   62.80   34.11   42.58   64.74   87.60   91.62   90.37   87.15   84.35   82.59   80.93   78.78   75.48   71.84   68.87   69.18   66.53   65.00   61.78   46.40   48.75   47.25   23.12    8.03    2.83    2.51    3.68    4.60    5.76    7.51    7.29    5.78  
 61.27   69.01   79.20   90.19   99.14   99.69   99.89   99.86   99.92   99.71   99.12   98.30   96.61   94.14   91.14   87.80   84.56   81.69   78.76   75.55   72.85   70.37   67.72   65.61   63.46   61.98   60.29   58.64   57.07   52.34   22.89    4.56    2.21    2.06    3.54    5.51    6.88    6.41    6.59    7.53  
  0.00    0.02    0.02    0.01    0.01    0.07    0.15    0.19    0.29    0.07    0.02    0.01    0.00    0.00    0.00    0.00    0.00    0.00    0.00    0.00    0.00    0.00    0.00    0.00    0.00    0.00    0.00    0.00    0.00    0.00    0.00    0.00    0.00    0.00    0.00    0.00    0.00    0.00    0.00    0.00  
 67.88   75.30   75.16   69.75   72.94   70.36   72.95   80.51   70.00   43.03   23.35   30.76   65.64   85.90   92.71   95.07   93.20   87.47   79.39   74.24   69.97   68.29   66.14   64.82   63.52   62.15   53.29   43.67   49.91   41.84   19.32    7.42    2.43    2.31    3.40    4.74    5.61    6.52    6.44    5.58  
 59.28   66.73   73.83   83.88   95.04   98.55   99.94   99.83   99.85   99.90   99.52   97.87   96.21   94.43   92.31   89.54   86.08   82.22   78.53   75.48   72.88   70.58   68.45   65.69   62.23   63.36   62.55   57.91   55.43   38.38   13.01    4.07    3.18    2.49    3.85    6.03    7.46    6.45    6.69    7.90  
  0.00    0.02    0.02    0.03    0.04    0.10    0.19    0.29    0.47    0.47    0.23    0.05    0.02    0.01    0.00    0.00    0.00    0.00    0.00    0.00    0.00    0.00    0.00    0.00    0.00    0.00    0.00    0.00    0.00    0.00    0.00    0.00    0.00    0.00    0.00    0.00    0.00    0.00    0.00    0.00  
 68.30   49.61   52.53   48.03   47.38   41.51   45.20   62.15   67.32   70.62   71.27   80.90   87.73   94.74   96.14   93.20   92.36   89.14   81.56   74.03   69.16   66.04   61.11   64.67   63.88   61.91   60.20   57.87   54.92   40.90   33.71   48.86   32.13    9.40    8.32    7.70    7.83    6.86    5.74    4.91  
 41.76   44.57   49.31   64.71   80.12   95.62   99.11   95.71   97.68   98.79   98.63   97.84   97.18   97.69   98.36   97.45   93.59   87.13   79.40   73.99   71.10   68.01   67.25   65.09   63.52   63.38   60.85   59.28   57.29   30.02    4.14    0.20    0.23    1.43    3.65    4.67    7.03   10.20   10.84    8.20  
  0.00    0.16    0.29    0.38    0.05    0.00    0.00    0.02    0.16    0.00    0.00    0.00    0.00    0.00    0.00    0.00    0.00    0.00    0.00    0.00    0.00    0.00    0.00    0.00    0.00    0.00    0.00    0.00    0.00    0.00    0.00    0.00    0.00    0.00    0.00    0.00    0.00    0.00    0.00    0.00  
 67.59   60.37   64.04   65.83   58.89   47.38   61.01   99.14   97.04   96.78   99.99   94.78   87.50   88.62   90.44   85.70   79.01   77.00   74.04   70.17   35.58   24.39   31.18   43.33   40.65   51.13   63.11   62.13   59.71   59.23   36.69   16.76   13.49    5.97    7.92   10.07   10.16    6.99    5.14    5.36  
 40.72   44.55   48.23   65.48   82.80   97.29   99.10   98.64   99.28   99.61   99.40   98.32   97.18   97.09   96.90   94.83   90.58   86.19   80.18   66.78   49.58   48.14   56.52   61.84   63.06   62.49   61.01   59.62   56.80   29.31    4.10    0.20    0.24    1.75    3.79    4.83    7.36   10.75   10.50    7.96  
  0.00    0.00    0.00    0.00    0.00    0.00    0.00    0.31    0.04    0.00    0.00    0.00    0.00    0.00    0.00    0.00    0.00    0.00    0.00    0.00    0.00    0.00    0.00    0.00    0.00    0.00    0.00    0.00    0.00    0.00    0.00    0.00    0.00    0.00    0.00    0.00    0.00    0.00    0.00    0.00  
 66.96   51.12   55.64   55.80   53.76   46.80   47.10   74.73   85.41   79.91   95.58   99.68   97.76   92.59   87.86   83.21   82.16   81.21   81.85   74.79   51.95   36.34   35.15   61.19   66.43   62.70   62.02   60.76   58.94   53.22   37.23   23.18   18.74    5.20    6.94    8.51    9.03    7.83    5.80    4.78  
 65.01   74.45   89.74   98.47   98.46   98.30   97.87   96.07   94.67   90.41   83.91   78.43   76.83   75.33   73.38   71.81   72.03   72.25   72.02   70.57   69.44   67.79   67.02   65.97   64.96   64.94   64.05   63.09   62.05   62.53   53.27   17.88    3.04    1.57    2.99    4.90    5.34    5.55    5.93    6.54  
  0.00    0.04    0.06    0.15    0.19    0.25    0.31    0.39    0.50    0.57    0.49    0.27    0.10    0.02    0.01    0.00    0.00    0.00    0.00    0.00    0.00    0.00    0.00    0.00    0.00    0.00    0.00    0.00    0.00    0.00    0.00    0.00    0.00    0.00    0.00    0.00    0.00    0.00    0.00    0.00  
 68.01   52.94   57.15   55.44   50.91   42.55   42.48   70.08   84.41   83.93   92.96   96.60   96.29   94.47   92.12   90.28   88.15   84.74   78.77   64.98   41.71   33.13   34.32   47.06   66.52   65.97   63.26   61.32   58.93   51.27   29.67   30.30   19.47    4.84    7.19    9.23    9.28    7.50    5.43    4.60  
 65.17   72.81   76.35   82.90   83.16   87.61   95.72   99.79   99.93   99.52   98.02   95.93   93.65   91.17   88.56   85.95   83.57   81.47   79.49   77.09   74.08   71.67   69.40   66.35   63.25   64.26   65.65   59.80   55.61   40.54   23.68   11.56   10.49    3.25    4.29    7.07    8.89    7.39    5.71    6.00  
  0.00    0.09    0.15    0.32    0.23    0.07    0.01    0.03    0.26    0.03    0.00    0.00    0.00    0.00    0.00    0.00    0.00    0.00    0.00    0.00    0.00    0.00    0.00    0.00    0.00    0.00    0.00    0.00    0.00    0.00    0.00    0.00    0.00    0.00    0.00    0.00    0.00    0.00    0.00    0.00  
 67.96   55.53   60.49   59.55   54.03   43.91   54.05   96.39   93.84   94.55   98.61   98.53   95.75   93.09   90.06   85.81   85.79   83.55   72.57   60.02   43.79   33.06   31.44   41.07   59.01   64.38   62.59   61.11   59.66   57.39   32.38   18.82   16.35    5.34    7.62    9.57    9.49    7.12    5.08    5.32  
 71.61   82.79   98.21   94.70   89.62   90.18   95.16   98.05   99.68   96.49   95.47   93.96   92.18   90.42   88.44   86.48   84.54   82.52   80.03   77.02   73.20   70.07   68.47   66.89   65.32   64.16   63.22   61.84   60.65   60.05   55.59   19.39    4.26    2.70    3.92    5.34    6.96    7.64    6.16    5.46  
  0.00    0.03    0.00    0.00    0.00    0.01    0.12    0.41    0.48    0.10    0.01    0.02    0.01    0.00    0.00    0.00    0.00    0.00    0.00    0.00    0.00    0.00    0.00    0.00    0.00    0.00    0.00    0.00    0.00    0.00    0.00    0.00    0.00    0.00    0.00    0.00    0.00    0.00    0.00    0.00  
 67.90   48.14   49.49   47.20   45.31   43.21   37.35   50.92   59.95   69.35   67.81   69.76   69.99   72.09   86.28   94.07   88.88   85.05   82.57   74.40   47.31   42.30   60.33   61.07   67.52   60.43   53.19   41.92   48.61   58.09   59.30   48.24   21.50    9.84    8.30    7.82    8.10    6.96    5.84    5.01  
 66.35   75.51   84.00   95.26   97.65   98.79   98.76   99.37   99.84   98.58   97.16   94.98   92.44   89.49   86.58   84.17   81.98   79.77   77.49   75.02   72.39   69.81   67.34   65.13   63.27   63.10   60.91   59.22   58.06   56.88   34.47    8.03    3.65    2.69    3.76    5.40    7.32    6.64    5.84    6.43  
  0.00    0.03    0.02    0.05    0.08    0.14    0.21    0.25    0.33    0.20    0.07    0.03    0.01    0.01    0.00    0.00    0.00    0.00    0.00    0.00    0.00    0.00    0.00    0.00    0.00    0.00    0.00    0.00    0.00    0.00    0.00    0.00    0.00    0.00    0.00    0.00    0.00    0.00    0.00    0.00  
 51.93   51.86   58.52   73.05   81.22   90.16   98.97   99.81   97.84   82.53   75.79   69.27   75.39   80.48   85.27   86.63   87.01   85.50   79.15   73.61   69.58   66.90   65.60   65.71   62.45   55.16   59.73   62.69   62.51   52.55   22.67    5.33    0.89    0.93    2.85    4.70    4.58    5.59    7.53    8.45  
 36.18   42.84   48.69   48.01   64.94   91.76   93.17   82.53   78.09   82.03   87.40   89.42   90.07   89.61   87.89   85.54   83.07   80.16   77.07   69.16   64.41   65.87   64.57   63.90   62.83   61.90   60.13   59.38   55.91   23.94    2.99    0.68    0.16    0.92    3.14    4.44    6.86    9.35    9.62    8.82  
  0.00    0.01    0.00    0.01    0.00    0.05    0.11    0.01    0.01    0.01    0.01    0.00    0.00    0.01    0.01    0.00    0.00    0.00    0.00    0.00    0.00    0.00    0.00    0.00    0.00    0.00    0.00    0.00    0.00    0.00    0.00    0.00    0.00    0.00    0.00    0.00    0.00    0.00    0.00    0.00  
 70.82   75.66   84.79   92.41   96.61   83.35   79.05   91.29   91.70   81.53   86.03   92.82   91.99   89.39   88.95   87.24   83.76   80.97   79.26   76.09   72.84   70.20   66.56   64.31   60.76   58.47   56.35   48.71   49.32   49.58   28.86    9.35    2.82    2.38    3.40    4.95    5.84    6.43    5.90    5.68  
 64.37   73.29   82.51   88.28   92.72   98.72   99.54   99.86   99.94   99.61   98.76   96.21   93.21   90.33   87.79   85.34   82.81   80.44   78.27   75.77   72.89   70.18   66.66   63.46   63.39   62.12   59.24   56.37   51.45   40.83   29.50   10.65    4.31    2.55    3.82    5.64    7.67    6.47    5.58    6.73  
  0.00    0.01    0.00    0.00    0.00    0.00    0.01    0.00    0.00    0.00    0.01    0.00    0.00    0.00    0.00    0.00    0.00    0.00    0.00    0.00    0.00    0.00    0.00    0.00    0.00    0.00    0.00    0.00    0.00    0.00    0.00    0.00    0.00    0.00    0.00    0.00    0.00    0.00    0.00    0.00  
 68.17   48.46   51.13   47.61   46.20   41.55   41.72   57.28   64.35   70.99   68.01   75.81   78.05   85.84   94.08   92.58   90.79   87.93   82.48   70.18   43.75   65.05   67.84   66.64   63.77   60.21   57.15   52.85   44.36   40.03   47.48   59.19   26.36    9.11    8.72    7.93    7.49    6.65    5.97    5.22  
 45.05   48.86   55.14   73.94   87.44   96.63   99.31   98.43   98.75   98.47   96.66   95.88   96.32   96.59   97.05   96.30   89.06   79.12   68.45   59.35   57.89   59.26   60.72   62.35   61.85   62.12   61.99   61.19   60.25   55.69   13.19    1.00    0.31    1.24    3.74    4.94    6.61    9.18   11.43    8.78  
  0.00    0.24    0.17    0.06    0.02    0.06    0.13    0.30    0.19    0.07    0.03    0.02    0.01    0.00    0.00    0.00    0.00    0.00    0.00    0.00    0.00    0.00    0.00    0.00    0.00    0.00    0.00    0.00    0.00    0.00    0.00    0.00    0.00    0.00    0.00    0.00    0.00    0.00    0.00    0.00  
 67.99   55.73   58.26   60.73   56.85   48.89   58.08   83.93   84.15   84.64   97.37   98.96   97.76   94.99   90.99   86.19   81.56   74.61   67.08   50.03   31.89   48.11   57.95   63.79   64.35   63.66   59.74   57.02   61.08   58.06   43.61   24.42   14.12    5.86    6.96    8.67    9.09    7.53    5.69    4.70  
 58.42   65.02   73.83   82.99   92.64   94.12   98.37  100.00   96.47   93.03   91.22   92.57   93.00   88.90   78.36   67.62   63.15   63.90   63.92   63.71   64.10   65.72   64.37   58.80   61.00   64.25   67.67   57.38   55.71   26.07    7.86    3.97    4.57    4.40    4.73    6.10    6.77    5.83    7.02   10.08  
  0.00    0.00    0.02    0.73    0.07    0.14    0.01    0.00    0.00    0.00    0.00    0.00    0.00    0.00    0.00    0.00    0.00    0.00    0.00    0.00    0.00    0.00    0.00    0.00    0.00    0.00    0.00    0.00    0.00    0.00    0.00    0.00    0.00    0.00    0.00    0.00    0.00    0.00    0.00    0.00  
 67.77   52.31   56.88   59.19   58.17   49.34   53.00   81.63   85.84   81.54   96.59   98.15   97.10   95.38   91.11   86.64   83.41   80.47   76.84   66.00   34.97   30.86   56.75   64.07   65.31   63.39   62.62   61.27   59.44   54.62   41.38   24.49   15.10    5.66    7.00    8.96    9.17    7.54    5.63    4.73  
 52.02   57.20   67.41   84.14   98.12   98.61   99.83   99.39   98.59   98.57   97.74   96.81   94.23   87.76   82.22   79.35   78.53   76.58   73.81   72.47   70.39   68.38   66.72   65.03   61.34   63.56   66.40   58.54   52.69   27.22    9.02    3.61    3.10    3.06    4.26    5.74    7.16    7.88    9.46    9.61  
  0.00    0.02    0.04    0.10    0.20    0.34    0.54    0.74    0.75    0.64    0.32    0.08    0.01    0.00    0.00    0.00    0.00    0.00    0.00    0.00    0.00    0.00    0.00    0.00    0.00    0.00    0.00    0.00    0.00    0.00    0.00    0.00    0.00    0.00    0.00    0.00    0.00    0.00    0.00    0.00  
 69.20   60.27   58.04   59.98   58.44   52.88   67.32   79.35   76.23   74.48   88.96   97.32   95.83   93.33   91.60   88.35   81.65   77.60   71.66   47.51   28.29   48.12   59.02   66.26   64.92   51.75   49.48   59.82   60.33   58.80   44.52   27.96   21.07    8.48    6.59    8.04    8.03    7.47    5.90    4.73  
 58.01   66.38   74.03   78.23   90.11   96.44   99.81   99.94   99.84   99.98   99.99   99.88   99.08   96.23   89.83   81.24   74.63   72.71   70.73   67.80   66.56   66.70   65.43   59.19   59.50   63.76   64.24   55.96   52.93   30.82    9.97    4.15    4.46    2.95    4.25    6.02    7.63    6.71    7.35    8.70  
  0.00    0.00    0.00    0.00    0.00    0.02    0.07    0.01    0.01    0.01    0.01    0.03    0.08    0.12    0.12    0.06    0.02    0.00    0.00    0.00    0.00    0.00    0.00    0.00    0.00    0.00    0.00    0.00    0.00    0.00    0.00    0.00    0.00    0.00    0.00    0.00    0.00    0.00    0.00    0.00  
 66.82   70.04   68.78   75.00   70.29   61.99   69.81   96.10   98.29   98.50   99.00   97.23   95.08   92.32   89.62   89.44   87.31   83.46   79.93   77.30   71.90   68.05   64.19   62.02   65.05   58.14   36.82   30.09   36.59   50.81   54.90   25.66    5.98    4.67    6.91    9.02    9.07    6.82    5.09    5.35  
 62.24   72.13   90.97   94.75   97.83   97.15   83.76   75.23   77.30   61.13   66.35   76.03   82.72   84.78   84.69   83.87   82.35   77.04   69.92   69.55   68.24   66.02   64.27   62.52   59.27   56.08   53.62   48.71   52.14   47.14   26.01    8.97    2.79    1.88    3.10    5.08    5.55    5.75    5.76    6.11  
  0.00    0.04    0.10    0.18    0.40    0.45    0.04    0.00    0.01    0.00    0.00    0.00    0.00    0.00    0.00    0.00    0.00    0.00    0.00    0.00    0.00    0.00    0.00    0.00    0.00    0.00    0.00    0.00    0.00    0.00    0.00    0.00    0.00    0.00    0.00    0.00    0.00    0.00    0.00    0.00  
 66.22   69.50   69.78   72.45   64.29   53.06   67.42   98.87   99.42   99.90  100.00   94.03   91.99   91.06   89.83   86.91   78.18   74.62   75.99   72.37   46.35   33.74   46.03   60.09   65.14   48.88   35.88   38.87   55.20   60.33   38.46   15.23    9.14    6.39    7.31    9.53    9.41    6.64    4.85    5.51  
 67.92   71.91   69.30   76.29   69.88   66.47   78.02   97.74   99.93   99.25   99.20   98.30   97.04   95.57   93.59   90.82   88.09   85.90   82.95   78.65   72.74   60.88   48.25   57.24   59.26   57.44   57.02   45.09   30.76   38.11   35.50   40.12    8.43    3.15    6.30    8.95    9.09    7.42    5.19    5.10  
  0.01    0.25    0.41    0.58    0.38    0.14    0.06    0.06    0.16    0.01    0.00    0.00    0.00    0.00    0.00    0.00    0.00    0.00    0.00    0.00    0.00    0.00    0.00    0.00    0.00    0.00    0.00    0.00    0.00    0.00    0.00    0.00    0.00    0.00    0.00    0.00    0.00    0.00    0.00    0.00  
 68.00   48.02   49.95   47.38   46.03   42.01   38.63   53.45   62.13   70.64   67.60   72.22   74.31   79.03   91.01   92.75   89.37   87.02   83.14   73.95   43.08   49.91   64.68   62.59   68.02   60.05   55.38   45.73   40.90   49.52   57.96   53.82   22.68    9.70    8.60    7.96    7.78    6.78    5.87    5.14  
 66.32   71.68   85.41   92.49   95.28   97.10   98.51   99.60   99.27   97.95   97.98   98.07   97.79   96.90   95.26   93.04   90.59   86.23   80.35   76.94   74.05   71.83   69.31   67.09   65.67   63.76   63.04   61.47   60.10   59.38   40.54   10.54    3.25    2.34    3.66    5.45    7.20    7.01    6.32    6.07  
  0.01    0.30    0.48    0.62    0.62    0.55    0.33    0.14    0.12    0.02    0.01    0.01    0.00    0.00    0.00    0.00    0.00    0.00    0.00    0.00    0.00    0.00    0.00    0.00    0.00    0.00    0.00    0.00    0.00    0.00    0.00    0.00    0.00    0.00    0.00    0.00    0.00    0.00    0.00    0.00  
 67.18   48.58   51.98   50.34   50.57   43.92   41.99   59.87   69.78   75.01   74.81   87.61   92.90   94.72   93.93   91.14   88.38   86.41   82.98   77.37   68.73   70.54   65.68   64.81   64.93   62.46   60.92   58.96   56.93   42.34   32.78   44.55   25.92    7.36    7.71    8.50    8.66    7.28    5.82    4.88  
 60.62   67.17   72.21   80.67   87.74   91.30   97.43   99.89   99.97   99.78   98.43   96.33   94.43   92.57   89.60   85.95   82.87   80.18   77.89   75.90   73.59   71.19   68.43   62.39   62.44   64.70   64.49   56.60   47.44   27.49   14.02    9.45    8.70    3.27    4.46    7.10    7.68    5.73    5.45    7.77  
  0.00    0.12    0.16    0.02    0.01    0.00    0.00    0.03    0.25    0.02    0.01    0.01    0.01    0.00    0.00    0.00    0.00    0.00    0.00    0.00    0.00    0.00    0.00    0.00    0.00    0.00    0.00    0.00    0.00    0.00    0.00    0.00    0.00    0.00    0.00    0.00    0.00    0.00    0.00    0.00  
 68.47   54.51   58.77   58.39   53.25   45.47   51.09   93.33   90.55   89.58   99.27   98.69   95.09   93.49   90.50   85.43   81.54   79.08   76.70   69.85   45.41   27.40   32.16   53.66   65.59   62.49   61.52   60.40   58.57   56.05   37.65   20.00   15.93    5.57    7.36    9.40    9.64    7.57    5.21    4.95  
 57.19   65.25   73.53   87.39   99.64   99.89   99.93   99.93   99.97   99.96   99.99  100.00  100.00   99.14   95.14   92.75   88.23   78.82   70.86   71.92   71.14   69.68   67.13   64.71   60.83   63.72   64.80   56.14   53.18   26.87    7.48    3.17    3.06    2.86    4.24    6.05    7.56    7.49    8.67    9.26  
  0.00    0.01    0.02    0.03    0.03    0.03    0.03    0.05    0.09    0.23    0.52    0.71    0.61    0.30    0.02    0.01    0.01    0.00    0.00    0.00    0.00    0.00    0.00    0.00    0.00    0.00    0.00    0.00    0.00    0.00    0.00    0.00    0.00    0.00    0.00    0.00    0.00    0.00    0.00    0.00  
 68.71   55.26   55.79   50.98   54.93   48.34   54.98   70.86   72.06   69.82   76.58   91.64   98.83   99.08   94.17   91.17   90.22   84.81   70.94   52.66   25.57   30.90   45.47   47.67   56.42   63.21   63.63   61.53   59.07   53.39   36.27   32.77   29.80    8.97    7.80    8.41    7.73    6.64    5.59    4.89  
 56.57   62.33   76.10   81.36   90.01   95.63   99.59   98.93   97.04   98.09   99.45  100.00  100.00   99.97   97.82   87.94   77.84   75.54   76.67   76.94   75.87   74.08   73.09   69.48   64.90   65.26   68.48   57.81   54.41   28.65    8.46    3.83    3.37    2.92    3.96    5.71    7.72    8.13    9.38    9.32  
  0.00    0.01    0.00    0.00    0.01    0.20    0.43    0.08    0.01    0.00    0.00    0.00    0.00    0.01    0.01    0.01    0.00    0.00    0.00    0.00    0.00    0.00    0.00    0.00    0.00    0.00    0.00    0.00    0.00    0.00    0.00    0.00    0.00    0.00    0.00    0.00    0.00    0.00    0.00    0.00  
 67.12   59.89   68.68   81.49   83.99   80.66   83.64   82.76   55.47   58.61   77.90   87.72   90.92   90.29   87.07   84.10   83.69   83.60   82.23   78.26   73.39   70.22   67.69   66.93   65.06   64.24   62.13   49.21   46.91   52.72   31.76   10.76    3.52    2.78    3.85    4.52    6.27    8.22    6.95    5.49  
 47.09   51.52   60.55   79.32   94.55   99.94   99.98   99.86   99.78   99.42   98.94   98.30   96.06   93.37   89.42   83.84   80.77   79.29   76.03   72.91   70.44   68.42   65.81   64.44   59.39   61.61   57.69   55.50   52.24   35.77    9.92    2.34    1.63    2.37    4.12    5.37    7.12    9.11   11.02    8.74  
  0.00    0.25    0.49    0.61    0.05    0.02    0.02    0.03    0.12    0.02    0.01    0.00    0.00    0.00    0.00    0.00    0.00    0.00    0.00    0.00    0.00    0.00    0.00    0.00    0.00    0.00    0.00    0.00    0.00    0.00    0.00    0.00    0.00    0.00    0.00    0.00    0.00    0.00    0.00    0.00  
 67.37   52.88   57.76   58.49   54.75   48.21   49.31   84.29   89.52   84.20   99.17   97.65   93.76   92.38   90.33   84.61   82.45   80.58   80.51   74.62   48.01   27.15   38.74   64.46   65.23   62.31   61.83   60.84   58.44   55.30   38.88   21.33   15.30    5.54    7.21    9.24    9.53    7.79    5.44    4.84  
299.68  296.01  291.31  288.54  285.36  282.71  279.97  277.20  274.66  271.85  268.96  266.21  263.53  260.55  257.14  254.22  251.31  248.08  244.70  240.96  236.91  232.52  227.65  222.72  218.53  214.96  211.02  207.06  203.40  200.58  199.80  201.63  202.82  203.07  204.30  205.96  206.93  206.61  208.04  208.82  208.73 
