 57.11  62.51  70.65  80.27  88.59  92.93  95.35  96.13  95.60  93.93  93.07  92.58  92.53  91.64  89.77  87.43  84.82  81.41  77.44  73.51  69.81  67.98  66.18  64.54  62.89  62.41  62.04  58.53  55.66  44.34  22.46   8.58   4.14   2.30   3.89   5.68   6.93   7.39   7.76   7.53 
 -0.15  -0.27   0.24  -0.13   0.00  -0.09   0.02  -0.23   0.02  -0.08   0.19  -0.16   0.11  -0.05   0.23  -0.06   0.09  -0.09   0.28  -0.01   0.01  -0.20   0.04  -0.32   0.08  -0.48   0.25  -0.02  -0.09   0.02  -0.01   0.02  -0.25   0.06  -0.05   0.04  -0.03   0.07   0.08  -0.02 
 -0.16  -0.34   0.17  -0.24  -0.01  -0.14   0.01  -0.21  -0.10   0.17  -0.02  -0.28  -0.04   0.02   0.15   0.30  -0.07   0.03  -0.04  -0.09   0.18  -0.09  -0.29   0.15  -0.17   0.28  -0.16  -0.13  -0.05  -0.19   0.24   0.20   0.15   0.04  -0.02  -0.04   0.00  -0.02  -0.05  -0.00 
 -0.18  -0.44  -0.00  -0.20   0.03  -0.24  -0.10  -0.13  -0.25   0.23  -0.24   0.07  -0.10  -0.05  -0.14  -0.25   0.01   0.10   0.02   0.34  -0.15   0.23   0.19   0.16   0.12  -0.03  -0.09   0.08   0.12   0.18  -0.13  -0.13  -0.01  -0.03   0.02  -0.00   0.00  -0.03   0.01  -0.01 
 -0.07  -0.40  -0.17  -0.07   0.08  -0.21   0.19   0.19   0.16  -0.12   0.09   0.16  -0.21  -0.25  -0.35   0.08   0.02  -0.10  -0.25  -0.39  -0.01   0.00   0.15  -0.12  -0.07   0.05   0.25   0.07  -0.07  -0.13  -0.04   0.04   0.01   0.00  -0.01   0.02   0.04   0.01  -0.02   0.03 
  0.07  -0.26  -0.36   0.01   0.14  -0.23   0.27   0.17   0.24  -0.09   0.31   0.27   0.19   0.24   0.19   0.18  -0.00   0.02   0.18   0.24  -0.03  -0.07  -0.11   0.11   0.16   0.03  -0.24  -0.11   0.04   0.12   0.01  -0.01  -0.04   0.03   0.04   0.02  -0.03  -0.01   0.01  -0.05 
  0.19  -0.11  -0.41   0.06   0.06  -0.10  -0.12   0.07   0.16   0.20  -0.15  -0.44   0.16   0.32  -0.03  -0.14   0.16   0.16  -0.00   0.08   0.22  -0.05   0.06  -0.11  -0.12  -0.01   0.27   0.22  -0.02  -0.16   0.04  -0.08   0.10  -0.04  -0.01  -0.07  -0.02  -0.00   0.02   0.05 
  0.23  -0.10  -0.25   0.05   0.02   0.05  -0.16  -0.00   0.27   0.01  -0.20  -0.36  -0.01  -0.40   0.08   0.05  -0.08  -0.09  -0.18   0.00  -0.07   0.16  -0.05   0.02   0.03  -0.20  -0.19  -0.41   0.03   0.19  -0.05   0.10  -0.19   0.08  -0.00   0.10   0.03   0.01  -0.01  -0.05 
  0.20  -0.15   0.01  -0.03  -0.03   0.19   0.27  -0.10   0.11  -0.22  -0.11  -0.07   0.13  -0.44   0.09  -0.33  -0.13  -0.15   0.18   0.18  -0.03  -0.22  -0.02   0.01  -0.02   0.31   0.02   0.23   0.13  -0.06   0.19  -0.08   0.07  -0.12   0.10  -0.10   0.00  -0.04  -0.02   0.03 
  0.24  -0.17   0.06  -0.04  -0.07   0.21   0.41  -0.15  -0.11  -0.10  -0.07  -0.03   0.11   0.26  -0.08  -0.38   0.13   0.29  -0.06  -0.31  -0.08   0.14  -0.24   0.13   0.04  -0.03  -0.02  -0.15  -0.09   0.06  -0.14   0.10  -0.02   0.10  -0.09   0.08   0.08   0.10   0.04  -0.03 
  0.37  -0.17   0.12  -0.01  -0.07   0.24   0.27  -0.13  -0.11   0.04  -0.06   0.02  -0.03   0.12  -0.04   0.39  -0.24  -0.09  -0.14   0.11   0.11   0.09   0.25  -0.02  -0.14  -0.30  -0.06   0.08  -0.13   0.05   0.03  -0.27   0.14   0.02   0.08  -0.08  -0.20  -0.09   0.04   0.02 
  0.45  -0.16   0.20   0.07   0.05   0.09  -0.06   0.05  -0.05   0.20   0.08   0.02  -0.25   0.14   0.03   0.13   0.13  -0.19   0.09   0.15  -0.14  -0.02   0.02  -0.11   0.06   0.14   0.06   0.02   0.22  -0.23  -0.24   0.27  -0.21  -0.12  -0.04   0.02   0.32  -0.02  -0.12   0.06 
  0.41  -0.11   0.24   0.11   0.14  -0.16  -0.30   0.15  -0.03   0.14   0.20   0.06  -0.14  -0.07  -0.01  -0.18   0.11   0.01   0.04  -0.09  -0.12  -0.07  -0.12   0.00   0.05   0.06   0.03  -0.03  -0.07   0.16   0.29  -0.11   0.24   0.15   0.03   0.15  -0.37   0.13   0.09  -0.12 
  0.26  -0.04   0.19   0.07   0.07  -0.30  -0.22   0.09  -0.07  -0.11   0.04   0.11   0.19  -0.10   0.02  -0.09  -0.17   0.22   0.01  -0.16   0.24  -0.08   0.03   0.19  -0.10  -0.09  -0.08  -0.02  -0.17   0.08  -0.01  -0.08  -0.22  -0.13  -0.06  -0.39   0.30  -0.25  -0.02   0.13 
  0.14   0.02   0.12   0.05  -0.06  -0.34  -0.06  -0.02  -0.11  -0.25  -0.19   0.06   0.34  -0.01  -0.00   0.07  -0.22   0.13  -0.08   0.00   0.09  -0.02   0.10  -0.10  -0.10  -0.00  -0.08   0.06   0.25  -0.22  -0.15   0.10   0.01  -0.05   0.09   0.47  -0.09   0.30  -0.07  -0.05 
  0.08   0.05   0.09   0.10  -0.19  -0.33   0.03  -0.06  -0.03  -0.25  -0.29  -0.04   0.16   0.06  -0.08   0.13   0.18  -0.20  -0.09   0.11  -0.20   0.04  -0.15  -0.21   0.18   0.09   0.06   0.05  -0.10   0.09  -0.10   0.20   0.16   0.29  -0.02  -0.32  -0.10  -0.27   0.04  -0.06 
  0.02   0.07   0.08   0.17  -0.29  -0.32   0.14  -0.08   0.13  -0.10  -0.19  -0.08  -0.22   0.13   0.02   0.07   0.16  -0.19   0.06   0.02  -0.09   0.04   0.02   0.16   0.02   0.03   0.04  -0.08  -0.20   0.08   0.28  -0.30  -0.06  -0.31  -0.06   0.17   0.27   0.26   0.05   0.08 
 -0.02   0.07   0.06   0.17  -0.35  -0.23   0.18  -0.03   0.25   0.11   0.03  -0.04  -0.35   0.03   0.17  -0.15  -0.11   0.11   0.15  -0.12   0.05  -0.00   0.09   0.25  -0.18  -0.08   0.05   0.02   0.24  -0.05  -0.17   0.12  -0.11   0.10   0.12  -0.05  -0.35  -0.24  -0.10  -0.03 
  0.00   0.03   0.04   0.10  -0.36  -0.09   0.13   0.03   0.12   0.34   0.17   0.04  -0.05  -0.15   0.03  -0.12  -0.23   0.27  -0.14   0.10   0.07  -0.01   0.03  -0.44   0.19  -0.02  -0.20   0.02  -0.01  -0.03   0.05   0.02   0.24   0.09  -0.14  -0.09   0.28   0.15   0.09  -0.00 
  0.02  -0.01   0.05   0.03  -0.32   0.03   0.06   0.01  -0.02   0.37   0.18   0.09   0.40  -0.19  -0.11   0.08   0.12  -0.00  -0.20   0.17   0.02   0.02  -0.13   0.11  -0.02   0.18   0.29  -0.03  -0.26   0.07  -0.05   0.03  -0.30  -0.14   0.10   0.15  -0.18  -0.07  -0.07   0.00 
  0.03  -0.08  -0.04  -0.08  -0.35   0.08  -0.12   0.13  -0.01   0.07   0.13   0.01   0.31  -0.14  -0.04   0.15   0.30  -0.11   0.20  -0.20  -0.16   0.17  -0.02   0.22  -0.18  -0.21  -0.09   0.13   0.37  -0.10   0.05  -0.14   0.19   0.14  -0.08  -0.09   0.18   0.06   0.07   0.02 
 27.15  24.99  18.64  15.13  12.43   9.63   6.48   6.14   4.73   4.12   3.57   3.15   2.36   2.26   1.83   1.55   1.34   1.24   1.10   1.07 
  0.00   0.08   0.11   0.14   0.12   0.14   0.17   0.16   0.18   0.09   0.06   0.04   0.03   0.02   0.01   0.00   0.00   0.00   0.00   0.00   0.00   0.00   0.00   0.00   0.00   0.00   0.00   0.00   0.00   0.00   0.00   0.00   0.00   0.00   0.00   0.00   0.00   0.00   0.00   0.00 
  0.00   0.00  -0.00   0.00  -0.01  -0.00  -0.00  -0.01   0.02  -0.01   0.00  -0.00  -0.00   0.05  -0.08  -0.99   0.08  -0.02   0.00   0.00   0.00   0.00   0.00   0.00   0.00   0.00   0.00   0.00   0.00   0.00   0.00   0.00   0.00   0.00   0.00   0.00   0.00   0.00   0.00   0.00 
  0.14   0.18  -0.08   0.16  -0.21  -0.29   0.06  -0.24   0.70  -0.21   0.43  -0.05  -0.01  -0.00   0.00   0.02  -0.00   0.00   0.00   0.00   0.00   0.00   0.00   0.00   0.00   0.00   0.00   0.00   0.00   0.00   0.00   0.00   0.00   0.00   0.00   0.00   0.00   0.00   0.00   0.00 
  0.24   0.37  -0.21   0.25  -0.71  -0.11   0.14   0.14  -0.32   0.05  -0.18   0.03   0.01  -0.00   0.00  -0.00   0.00   0.00   0.00   0.00   0.00   0.00   0.00   0.00   0.00   0.00   0.00   0.00   0.00   0.00   0.00   0.00   0.00   0.00   0.00   0.00   0.00   0.00   0.00   0.00 
  0.36   0.45  -0.31   0.26   0.65  -0.16   0.08   0.14  -0.13   0.08   0.06  -0.02   0.00  -0.00   0.00  -0.00   0.00   0.00   0.00   0.00   0.00   0.00   0.00   0.00   0.00   0.00   0.00   0.00   0.00   0.00   0.00   0.00   0.00   0.00   0.00   0.00   0.00   0.00   0.00   0.00 
  0.40   0.20  -0.06  -0.18   0.02   0.35  -0.29  -0.38   0.22  -0.25  -0.54   0.10  -0.01   0.00   0.01   0.01   0.00   0.00   0.00   0.00   0.00   0.00   0.00   0.00   0.00   0.00   0.00   0.00   0.00   0.00   0.00   0.00   0.00   0.00   0.00   0.00   0.00   0.00   0.00   0.00 
  0.45   0.07   0.09  -0.40  -0.11   0.38  -0.14   0.05  -0.21   0.07   0.62  -0.14   0.00  -0.01  -0.01  -0.00  -0.01   0.00   0.00   0.00   0.00   0.00   0.00   0.00   0.00   0.00   0.00   0.00   0.00   0.00   0.00   0.00   0.00   0.00   0.00   0.00   0.00   0.00   0.00   0.00 
  0.43  -0.17   0.22  -0.39  -0.01  -0.30   0.29   0.41   0.31   0.27  -0.27   0.07  -0.00   0.00   0.00  -0.00  -0.00  -0.00   0.00   0.00   0.00   0.00   0.00   0.00   0.00   0.00   0.00   0.00   0.00   0.00   0.00   0.00   0.00   0.00   0.00   0.00   0.00   0.00   0.00   0.00 
  0.36  -0.35   0.22   0.07   0.05  -0.50   0.01  -0.47  -0.41  -0.24   0.02  -0.03   0.01   0.00   0.00  -0.00   0.00   0.00   0.00   0.00   0.00   0.00   0.00   0.00   0.00   0.00   0.00   0.00   0.00   0.00   0.00   0.00   0.00   0.00   0.00   0.00   0.00   0.00   0.00   0.00 
  0.27  -0.37   0.05   0.55  -0.04   0.10  -0.50   0.13   0.16   0.38  -0.03  -0.17  -0.02  -0.00   0.01  -0.00  -0.00   0.00   0.00   0.00   0.00   0.00   0.00   0.00   0.00   0.00   0.00   0.00   0.00   0.00   0.00   0.00   0.00   0.00   0.00   0.00   0.00   0.00   0.00   0.00 
  0.19  -0.40  -0.20   0.24   0.02   0.29   0.25   0.28   0.02  -0.44   0.11   0.51   0.13   0.02  -0.04   0.01   0.01  -0.00   0.00   0.00   0.00   0.00   0.00   0.00   0.00   0.00   0.00   0.00   0.00   0.00   0.00   0.00   0.00   0.00   0.00   0.00   0.00   0.00   0.00   0.00 
  0.07  -0.30  -0.43  -0.02  -0.00   0.19   0.40  -0.09   0.03  -0.04  -0.11  -0.59  -0.36  -0.02   0.15  -0.01  -0.03  -0.00   0.00   0.00   0.00   0.00   0.00   0.00   0.00   0.00   0.00   0.00   0.00   0.00   0.00   0.00   0.00   0.00   0.00   0.00   0.00   0.00   0.00   0.00 
 -0.01  -0.19  -0.51  -0.18  -0.04  -0.06   0.02  -0.26   0.02   0.35   0.01   0.03   0.58   0.05  -0.37   0.03   0.01   0.00   0.00   0.00   0.00   0.00   0.00   0.00   0.00   0.00   0.00   0.00   0.00   0.00   0.00   0.00   0.00   0.00   0.00   0.00   0.00   0.00   0.00   0.00 
 -0.05  -0.12  -0.43  -0.24  -0.04  -0.22  -0.30  -0.03  -0.03   0.14   0.09   0.37  -0.23  -0.15   0.59  -0.05   0.07  -0.02   0.00   0.00   0.00   0.00   0.00   0.00   0.00   0.00   0.00   0.00   0.00   0.00   0.00   0.00   0.00   0.00   0.00   0.00   0.00   0.00   0.00   0.00 
 -0.04  -0.06  -0.25  -0.19  -0.03  -0.24  -0.38   0.26  -0.03  -0.25  -0.00  -0.02  -0.42   0.21  -0.57   0.05  -0.12   0.04   0.00   0.00   0.00   0.00   0.00   0.00   0.00   0.00   0.00   0.00   0.00   0.00   0.00   0.00   0.00   0.00   0.00   0.00   0.00   0.00   0.00   0.00 
 -0.03  -0.01  -0.07  -0.10  -0.01  -0.15  -0.25   0.34  -0.01  -0.41  -0.07  -0.39   0.46  -0.47   0.15  -0.04  -0.08   0.01   0.00   0.00   0.00   0.00   0.00   0.00   0.00   0.00   0.00   0.00   0.00   0.00   0.00   0.00   0.00   0.00   0.00   0.00   0.00   0.00   0.00   0.00 
 -0.01  -0.01  -0.03  -0.04  -0.00  -0.06  -0.10   0.14  -0.00  -0.17  -0.03  -0.20   0.22   0.71   0.27   0.05   0.51   0.01   0.00   0.00   0.00   0.00   0.00   0.00   0.00   0.00   0.00   0.00   0.00   0.00   0.00   0.00   0.00   0.00   0.00   0.00   0.00   0.00   0.00   0.00 
 -0.00  -0.00  -0.01  -0.01  -0.00  -0.01  -0.02   0.02  -0.00  -0.03  -0.00  -0.02   0.15   0.43   0.25  -0.06  -0.81  -0.25   0.00   0.00   0.00   0.00   0.00   0.00   0.00   0.00   0.00   0.00   0.00   0.00   0.00   0.00   0.00   0.00   0.00   0.00   0.00   0.00   0.00   0.00 
 -0.00  -0.00  -0.00  -0.00  -0.00  -0.00  -0.01   0.01  -0.00  -0.01  -0.00  -0.01  -0.04  -0.10  -0.09   0.04   0.21  -0.97   0.00   0.00   0.00   0.00   0.00   0.00   0.00   0.00   0.00   0.00   0.00   0.00   0.00   0.00   0.00   0.00   0.00   0.00   0.00   0.00   0.00   0.00 
  0.00   0.00   0.00   0.00   0.00   0.00   0.00  -0.00   0.00   0.00   0.00   0.00  -0.00  -0.00  -0.00   0.00   0.00  -0.00   1.00   0.00   0.00   0.00   0.00   0.00   0.00   0.00   0.00   0.00   0.00   0.00   0.00   0.00   0.00   0.00   0.00   0.00   0.00   0.00   0.00   0.00 
  0.00   0.00   0.00   0.00   0.00   0.00   0.00  -0.00   0.00   0.00   0.00   0.00  -0.00  -0.00  -0.00   0.00   0.00  -0.00  -0.00   1.00   0.00   0.00   0.00   0.00   0.00   0.00   0.00   0.00   0.00   0.00   0.00   0.00   0.00   0.00   0.00   0.00   0.00   0.00   0.00   0.00 
  0.36   0.27   0.18   0.16   0.11   0.09   0.08   0.06   0.06   0.05   0.03   0.02   0.01   0.00   0.00   0.00   0.00   0.00   0.00   0.00
