   1.00  0.4034
   1.25  0.4047
   1.50  0.4063
   1.75  0.4120
   2.00  0.4176
   2.25  0.4233
   2.50  0.4289
   2.75  0.4296
   3.00  0.4303
   3.25  0.4310
   3.50  0.4317
   3.75  0.4345
   4.00  0.4375
   4.25  0.4404
   4.50  0.4434
   4.75  0.4476
   5.00  0.4518
   5.25  0.4560
   5.50  0.4602
   5.75  0.4658
   6.00  0.4715
   6.25  0.4772
   6.50  0.4829
   6.75  0.4858
   7.00  0.4886
   7.25  0.4913
   7.50  0.4941
   7.75  0.4952
   8.00  0.4964
   8.25  0.4975
   8.50  0.4988
   8.75  0.5033
   9.00  0.5078
   9.25  0.5123
   9.50  0.5169
   9.75  0.5226
  10.00  0.5282
  10.25  0.5339
  10.50  0.5396
  10.75  0.5442
  11.00  0.5488
  11.25  0.5534
  11.50  0.5580
  11.75  0.5628
  12.00  0.5676
  12.25  0.5723
  12.50  0.5771
  12.75  0.5827
  13.00  0.5883
  13.25  0.5939
  13.50  0.5997
  13.75  0.6065
  14.00  0.6134
  14.25  0.6203
  14.50  0.6272
  14.75  0.6314
  15.00  0.6354
  15.25  0.6395
  15.50  0.6436
  15.75  0.6519
  16.00  0.6602
  16.25  0.6685
  16.50  0.6767
  16.75  0.6824
  17.00  0.6881
  17.25  0.6938
  17.50  0.6995
  17.75  0.7064
  18.00  0.7135
  18.25  0.7205
  18.50  0.7276
  18.75  0.7367
  19.00  0.7458
  19.25  0.7550
  19.50  0.7636
  19.75  0.7637
  20.00  0.7637
  20.25  0.7637
  20.50  0.7639
  20.75  0.7732
  21.00  0.7825
  21.25  0.7918
  21.50  0.8006
  21.75  0.8045
  22.00  0.8085
  22.25  0.8124
  22.50  0.8164
  22.75  0.8374
  23.00  0.8584
  23.25  0.8795
  23.50  0.9005
  23.75  0.9019
  24.00  0.9025
  24.25  0.9032
  24.50  0.9042
  24.75  0.9207
  25.00  0.9373
  25.25  0.9538
  25.50  0.9703
  25.75  0.9854
  26.00  1.0005
  26.25  1.0156
  26.50  1.0306
  26.75  1.0522
  27.00  1.0739
  27.25  1.0957
  27.50  1.1174
  27.75  1.1390
  28.00  1.1605
  28.25  1.1821
  28.50  1.2035
  28.75  1.2180
  29.00  1.2325
  29.25  1.2470
  29.50  1.2615
  29.75  1.2765
  30.00  1.2915
  30.25  1.3065
  30.50  1.3220
  30.75  1.3446
  31.00  1.3673
  31.25  1.3899
  31.50  1.4126
  31.75  1.4393
  32.00  1.4661
  32.25  1.4928
  32.50  1.5195
  32.75  1.5327
  33.00  1.5460
  33.25  1.5592
  33.50  1.5724
  33.75  1.5848
  34.00  1.5970
  34.25  1.6092
  34.50  1.6206
  34.75  1.6258
  35.00  1.6311
  35.25  1.6364
  35.50  1.6472
  35.75  1.6860
  36.00  1.7248
  36.25  1.7636
  36.50  1.7945
  36.75  1.8064
  37.00  1.8184
  37.25  1.8303
  37.50  1.8423
  37.75  1.8200
  38.00  1.7936
  38.25  1.7672
  38.50  1.7408
  38.75  1.8860
  39.00  2.0425
  39.25  2.1989
  39.50  2.2105
  39.75  2.2105
  40.00  2.2105
  40.25  2.2105
  40.50  2.2105
  40.75  2.2105
  41.00  2.2105
